111111111111111111111111
100000000000000100000001
100100000000000100000001
101000000000000100000001
100000111110000100000001
100000111110000100000001
100000111110000100000001
100000111110000100000001
100000111110000100000001
100000000000000100000001
100000000000000100000001
100000000000001000000001
100000000000000100000001
100000000000000100000001
110101010101010101010101
100000000000000000000001
100000000000000100000001
100000000000000100000001
111111111110000000001001
111002010111111110001001
120000012222222110001001
12000E000000002100001001
100000210000000000001001
111111111111111111111111